#YAML
world:
    gravity: -9.81
    timeStep: 0.0001
    endTime: 3

robot:
    len: 0.3
    width: 0.125
    mass: 0.1
    gravity: -9.81
    Iroll: 5.05e-4
    Ipitch: 1.08e-3
    Iyaw: 1.24e-3
    lCOM: 0.12
    hCOM: 0.002
    initPos: [0, 0.08]
    initSpeed: [0., 0.]
    initAccel: [0., 0.]

leg:
    linkLengths: [0.0615, 0.0218, 0.0748, 0.0468, 0.0624]
    pm: 1.

motor:
    initPos: 0.
    initSpeed: 6.28318530718
    initAccel: 0.

foot:
    #PBRM foot
    length: 0.04
    staticFrictionCoeff: 0.4
    kinFrictionCoeff: 0.3
    thickness: 0.00159375
    E: 300. #Mpa
    PRBMK: 2.65
    gamma: 0.85
    damping: 1.2
    width: 0.035
    height: 0.001

tail:
    lt: 0.1
    phit: 30
    rt: 0.03
